1.578000000000000000e+03 1.248418778071970665e-02 1.843361222314743031e-01 9.297475383289749429e-02 9.689751159978637896e-02 0.000000000000000000e+00 6.257916123358417959e-01
1.578202020202020094e+03 1.323563010529790404e-02 2.148392431180703166e-01 1.073205079134440243e-01 8.757745544474969390e-02 0.000000000000000000e+00 5.902627935237358958e-01
1.578404040404040416e+03 1.373206701862310364e-02 2.465600217889531987e-01 1.037854965321420853e-01 8.073066347987659097e-02 0.000000000000000000e+00 5.689238181990280419e-01
1.578606060606060510e+03 1.392073878043456961e-02 2.821707090822931363e-01 8.061059894966644823e-02 7.600566130760053052e-02 0.000000000000000000e+00 5.612130306604398156e-01
1.578808080808080831e+03 1.446452417859809929e-02 3.090506584755136621e-01 8.118085391110507754e-02 6.965393537947660307e-02 0.000000000000000000e+00 5.401145522339046989e-01
1.579010101010100925e+03 1.556228684950709817e-02 3.220938387596301022e-01 1.143985487173159177e-01 6.149270458891296226e-02 0.000000000000000000e+00 5.020149079341410525e-01
1.579212121212121247e+03 1.646118588404070840e-02 3.374460831481032042e-01 1.328883602560374522e-01 5.506426996715411970e-02 0.000000000000000000e+00 4.746012866287052101e-01
1.579414141414141341e+03 3.452704002914686043e-02 1.765864865537550288e-01 6.335614052503103777e-02 1.586597226583210674e-01 2.771831147329374342e-02 5.736793387895990914e-01
1.579616161616161662e+03 8.602758205552590853e-02 7.848334077059138103e-02 2.542789123827859585e-02 7.914323036135795242e-02 1.170364101189676764e-01 6.999091275108044741e-01
1.579818181818181756e+03 7.010282323555733219e-02 1.061005634814118775e-01 3.120416409835065352e-02 6.232872573732155946e-02 0.000000000000000000e+00 8.003665466829158470e-01
1.580020202020202078e+03 4.832658082875522509e-02 1.681096803540833573e-01 4.526494451886396708e-02 1.751322258170314242e-02 0.000000000000000000e+00 7.691121525453495922e-01
1.580222222222222172e+03 3.006596342197752347e-02 2.930351155181750711e-01 7.275669065708328942e-02 2.790243833872788071e-02 0.000000000000000000e+00 6.063057554860137310e-01
1.580424242424242493e+03 3.678167177215402317e-02 2.581883752361491258e-01 5.947255506901868299e-02 2.260563955429456540e-02 0.000000000000000000e+00 6.597334301405376467e-01
1.580626262626262587e+03 5.601203560632850992e-02 1.817969472433861589e-01 2.891018268271098104e-02 1.471170846006709595e-02 0.000000000000000000e+00 7.745811616138358335e-01
1.580828282828282909e+03 7.544126307690635080e-02 1.440728011119806751e-01 1.656918175833992438e-02 1.082421248796246877e-02 0.000000000000000000e+00 8.285338046417169977e-01
1.581030303030303003e+03 9.523980872927136077e-02 1.213279536560104288e-01 1.312476386374577392e-02 8.495940893941983374e-03 0.000000000000000000e+00 8.570513415863018070e-01
1.581232323232323324e+03 1.150478240786189238e-01 1.064032997281581516e-01 1.094735782312219324e-02 6.968504758298444367e-03 0.000000000000000000e+00 8.756808376904211544e-01
1.581434343434343418e+03 1.354524303370480409e-01 9.544077640495758630e-02 1.377258642301438379e-02 5.863835970730547562e-03 0.000000000000000000e+00 8.849228012012974043e-01
1.581636363636363740e+03 1.558570365955000703e-01 8.734865247974775426e-02 1.585806430737979680e-02 5.048410866330321420e-03 0.000000000000000000e+00 8.917448723465420946e-01
1.581838383838383834e+03 1.744055822479167739e-01 8.199347148517700801e-02 7.004310833378485715e-03 4.468835635343272779e-03 0.000000000000000000e+00 9.065333820461011216e-01
1.582040404040403928e+03 1.937803589608383392e-01 7.733671371062682265e-02 4.117145689974429160e-03 3.983630791590212807e-03 0.000000000000000000e+00 9.145625098078085102e-01
1.582242424242424249e+03 2.134273894617080281e-01 7.343271729098342637e-02 3.028228100478448041e-03 3.582056316668172282e-03 0.000000000000000000e+00 9.199569982918700539e-01
1.582444444444444343e+03 2.649754616297964604e-01 6.173692484833197269e-02 3.341504383905151074e-03 3.042453781517039796e-02 9.135083308578625938e-02 8.131461998668062519e-01
1.582646464646464665e+03 2.756599876212465494e-01 6.183337421282840418e-02 3.400928832979973303e-03 6.386525980108460898e-02 1.433507248141141499e-01 7.275497123389930154e-01
1.582848484848484759e+03 2.530407433713072196e-01 6.921411644595448776e-02 3.704936950111350959e-03 7.077973298442545580e-02 1.505387923270179173e-01 7.057624212924907825e-01
1.583050505050505080e+03 2.303661311777941423e-01 7.782232461538714230e-02 4.069608649530374531e-03 7.907071964389876528e-02 1.591763364608369813e-01 6.798610106303467626e-01
1.583252525252525174e+03 2.076915189843065723e-01 8.831012597067666725e-02 4.513906030370160201e-03 8.917203450669236586e-02 1.696998792574340442e-01 6.483040542348267321e-01
1.583454545454545496e+03 1.850263764877623784e-01 1.013633889621264328e-01 5.118025413157917605e-03 9.952731562394835640e-02 1.850102211538181829e-01 6.089810488469490357e-01
1.583656565656565590e+03 2.107399429568416194e-01 9.095825244549704536e-02 4.733202132821082847e-03 7.845089954598651050e-02 1.563192429069691636e-01 6.695384029687261318e-01
1.583858585858585911e+03 2.600342385913775312e-01 7.530613430574592537e-02 4.030160811345349925e-03 5.684061465303235500e-02 1.172722170426680754e-01 7.465508731872083636e-01
1.584060606060606005e+03 2.233552526488106205e-01 8.779578300539772617e-02 4.918106180431792117e-03 6.241058572623647133e-02 1.206737906556500373e-01 7.242017344322839723e-01
1.584262626262626327e+03 2.034457734677501128e-01 9.530591994244222431e-02 5.647646935124146610e-03 7.527855656889310965e-02 1.103257743691966747e-01 7.134421021843438959e-01
1.584464646464646421e+03 2.537422601940394484e-01 7.554722610321830401e-02 4.727217880761592703e-03 7.215062905353114564e-02 1.382123437895589058e-01 7.093625831729299946e-01
1.584666666666666742e+03 3.040387469203853499e-01 6.232581011083320605e-02 4.111318089093840035e-03 7.005759440199305077e-02 1.568724808364324597e-01 7.066327965616474582e-01
1.584868686868686837e+03 2.103566982945822006e-01 8.903637803224215275e-02 5.366065772758743871e-03 9.527998347848309901e-02 1.851393980593234179e-01 6.251781746571924980e-01
1.585070707070707158e+03 2.273616761829569954e-01 8.140921603758413672e-02 4.431598915400991254e-03 6.309435405328386870e-02 2.098574503306583072e-01 6.412073806630727013e-01
1.585272727272727252e+03 2.479989930865222347e-01 7.374736845298369980e-02 3.823214752973265029e-03 3.429233393196814972e-02 2.300286557214971106e-01 6.581084271405778230e-01
1.585474747474747574e+03 2.687209848638485443e-01 6.724153095952149772e-02 3.622366652297873829e-03 9.912476606682646754e-03 2.470227934261927105e-01 6.722008323553053666e-01
1.585676767676767668e+03 2.894429766411515392e-01 6.166723385172992455e-02 3.450277050025245523e-03 4.066719279165403877e-02 2.099398842051384828e-01 6.842754121014522628e-01
1.585878787878787989e+03 3.101649684184778488e-01 5.683776965927439528e-02 3.301181916414967603e-03 7.419726661695172365e-02 1.709271852022215266e-01 6.947365966051374242e-01
1.586080808080808083e+03 2.840081723177891315e-01 6.129761053474532678e-02 3.694131410159055395e-03 7.984920714045665169e-02 1.629574586617373866e-01 6.922015922529016763e-01
1.586282828282828177e+03 2.470331943979884592e-01 6.958157862705335872e-02 4.349277990643474721e-03 7.962649292016803215e-02 1.610360506286616089e-01 6.854065998334735177e-01
1.586484848484848499e+03 2.239147505690646800e-01 7.578284548224409334e-02 4.911103702687413461e-03 7.668435815386442922e-02 1.519481740864832564e-01 6.906735185747207018e-01
1.586686868686868593e+03 2.460609847704674225e-01 6.806781767239350467e-02 4.571716588503179322e-03 6.636560092727043780e-02 1.247256008314233527e-01 7.362692639804094830e-01
1.586888888888888914e+03 2.660891634167661945e-01 6.211741710740847910e-02 4.322512034470330812e-03 6.036370579674063541e-02 1.081932917911252179e-01 7.650030732702554070e-01
1.587090909090909008e+03 2.668138675356159228e-01 5.981852159208404102e-02 4.405416207261876604e-03 6.017186306051736794e-02 1.032145096294175279e-01 7.723896895107191796e-01
1.587292929292929330e+03 2.733614961323627690e-01 5.563917805690902357e-02 4.392274254435572269e-03 6.156132908949777521e-02 1.095066286100272873e-01 7.689005899891302453e-01
1.587494949494949424e+03 2.796731714472248664e-01 5.169894110099055445e-02 4.383442217660175888e-03 6.461490908876905970e-02 1.206300160724951970e-01 7.586726915200850963e-01
1.587696969696969745e+03 2.406871037055807183e-01 5.695363178207688004e-02 5.217071454388498390e-03 7.231436026515315751e-02 1.255937446483653408e-01 7.399211918500161467e-01
1.587898989898989839e+03 2.017924974538790051e-01 6.421052667267464209e-02 6.823315815833067705e-03 7.559664755619259491e-02 1.397722188634971108e-01 7.135972910918025880e-01
1.588101010101010161e+03 1.628978912021334935e-01 7.493283253081761686e-02 9.196595791079825027e-03 8.044633723468282149e-02 1.607213905723784420e-01 6.747028438710412912e-01
1.588303030303030255e+03 1.240032849504317802e-01 9.238140962650892574e-02 1.305867165103160449e-02 8.833831358425235647e-02 1.948123074413176670e-01 6.114092976968894533e-01
1.588505050505050576e+03 1.295475991533098781e-01 8.263214596771575882e-02 1.343545009251019551e-02 1.082493044383284198e-01 1.558910595946025046e-01 6.397920399068431907e-01
1.588707070707070670e+03 1.413348110835894178e-01 7.042846633220524455e-02 1.317256810241463315e-02 1.059861938869773174e-01 1.596570865563915476e-01 6.507556851220113181e-01
1.588909090909090992e+03 1.361137568679776921e-01 7.113472580234260489e-02 1.286010395434520996e-02 9.162996085994065676e-02 1.486578246436280060e-01 6.757173847397435207e-01
1.589111111111111086e+03 1.165592450776070099e-01 8.124355553004621033e-02 1.381766776205161674e-02 9.286292761152110942e-02 1.529868457721557107e-01 6.590890033242253754e-01
1.589313131313131407e+03 1.403138005223934504e-01 6.597326986234493262e-02 1.048162602496329962e-02 7.708858445594311826e-02 1.226324936387869352e-01 7.238240260179616969e-01
1.589515151515151501e+03 1.411451788837116972e-01 6.407751951626397546e-02 9.428991155643873939e-03 8.011041361907153546e-02 1.268225437571890435e-01 7.195605319518314502e-01
1.589717171717171823e+03 1.466184843282694605e-01 6.023459949324462548e-02 8.123099273273272011e-03 8.133188826200633825e-02 1.576112593462886957e-01 6.926991536251869697e-01
1.589919191919191917e+03 1.511306155302579168e-01 5.702867270706520053e-02 6.955151740410980485e-03 9.320529922434228620e-02 2.338434801364324966e-01 6.089673961917488887e-01
1.590121212121212011e+03 1.149208644484514541e-01 7.314643147446461824e-02 8.404993258160665948e-03 1.462398196722621835e-01 3.504140571587961439e-01 4.217946984363164509e-01
1.590323232323232332e+03 8.954573187153004599e-02 9.149876484779868868e-02 1.247881076038820716e-02 2.180543766463803046e-01 4.583424891230580278e-01 2.196255586223747058e-01
1.590525252525252426e+03 1.438996983221918491e-01 5.545943934532154840e-02 9.213067096140201834e-03 1.545915054376804654e-01 2.905867169747818890e-01 4.901492711460760376e-01
1.590727272727272748e+03 1.986513920456394744e-01 3.910301980867717658e-02 9.724664709971336113e-03 1.256749474022730573e-01 2.143859539231817435e-01 6.111114141558966484e-01
1.590929292929292842e+03 2.531997114003491922e-01 2.918505089827084717e-02 9.873628947574512524e-03 1.066116839939986044e-01 1.739815700800184384e-01 6.803480660801376478e-01
1.591131313131313163e+03 2.115618438852772676e-01 3.257041269404445383e-02 7.116981921370405841e-03 8.816936677755578267e-02 1.216522728951598548e-01 7.504909657118694621e-01
1.591333333333333258e+03 1.700869791667043718e-01 3.757881231109585357e-02 4.287022264935791763e-03 8.494619787058327320e-02 1.995130402031535244e-01 6.736749273502314894e-01
1.591535353535353579e+03 1.295906498016259623e-01 4.547146554706699845e-02 7.185602280018583109e-03 1.090225393031053341e-01 2.951375764462634277e-01 5.431828164235457113e-01
1.591737373737373673e+03 8.259629328990239494e-02 6.530180294841898825e-02 2.556703624494272020e-02 1.671789457506959731e-01 4.247528117176816997e-01 3.171994033382605771e-01
1.591939393939393995e+03 6.512805735925752959e-02 7.515496651000729000e-02 3.358767463204644782e-02 2.071061429719115998e-01 3.515459963152396949e-01 3.326052195707950854e-01
1.592141414141414089e+03 5.954409384017136236e-02 7.382272173804821369e-02 2.099284613105806968e-02 2.232051869143007183e-01 3.499901065904683639e-01 3.319891386261246136e-01
1.592343434343434410e+03 1.107327392219848022e-01 3.519028969296331827e-02 8.893923258547861699e-03 1.199564845263978025e-01 3.123723299259595909e-01 5.235869725961314058e-01
1.592545454545454504e+03 1.572042918019560809e-01 2.161345109462906727e-02 5.963577643166703343e-03 8.444851912555759177e-02 2.396612765360987551e-01 6.483131756005480195e-01
1.592747474747474826e+03 1.694456189498874388e-01 1.710718395495646263e-02 5.532748534957756571e-03 7.830376051558333994e-02 1.609684026888196506e-01 7.380879043056828293e-01
1.592949494949494920e+03 1.524566549046080244e-01 1.574052294567966290e-02 7.702139503033938496e-03 8.698071395291698260e-02 2.403987588986230273e-01 6.491778646997463653e-01
1.593151515151515241e+03 1.315789006133741834e-01 1.444576270888946884e-02 1.122727671678282191e-02 1.007254822201991695e-01 3.197344886147377996e-01 5.538669897393906361e-01
1.593353535353535335e+03 1.011934719217440909e-01 1.385235282619565536e-02 5.131309763881878455e-02 1.308968601091058948e-01 3.416259156203074743e-01 4.623117738055721460e-01
1.593555555555555657e+03 7.148354828044085896e-02 1.262916852190650724e-02 1.340634812328423686e-01 1.851960007632558192e-01 3.786929041884068980e-01 2.894184452935883445e-01
1.593757575757575751e+03 1.218741159655617329e-01 7.660134615059839731e-03 8.857873109425012936e-02 1.220246946440745189e-01 2.368606924554584603e-01 5.448757471911570560e-01
1.593959595959595845e+03 2.055572359856326636e-01 6.041492646513247321e-03 5.669486821109088331e-02 8.287758019238247731e-02 1.682545366703660783e-01 6.861315222796473545e-01
1.594161616161616166e+03 2.051257726723659802e-01 7.557182623649622358e-03 4.696551904877326045e-02 8.057810395054518238e-02 1.588583290899903688e-01 7.060408652870415747e-01
1.594363636363636260e+03 2.003787908943875928e-01 9.274800550817838968e-03 3.402646451628302954e-02 7.995459642024001223e-02 1.519095558428613935e-01 7.248345826697977223e-01
1.594565656565656582e+03 1.234826811152847648e-01 1.754718715083675162e-02 2.776122345310715403e-02 1.170307022037389982e-01 2.136085229668978069e-01 6.240523642254193204e-01
1.594767676767676676e+03 4.937066224535401060e-02 5.013248755655659583e-02 5.715883823761509774e-02 2.419214947005617899e-01 4.709670088962706336e-01 1.798201706089958829e-01
1.594969696969696997e+03 4.239376411626550462e-02 6.565528124132226362e-02 5.226969430749772716e-02 2.318031704290399175e-01 4.220107691044048814e-01 2.282610849177353074e-01
1.595171717171717091e+03 3.975270484357568135e-02 7.777269278541924791e-02 1.227602127795142800e-01 2.050904917739835853e-01 3.033074532691313330e-01 2.910691493919516093e-01
1.595373737373737413e+03 5.877594481315565056e-02 5.784637418002629844e-02 1.998902341969638896e-01 1.755810222869120252e-01 3.673023332132752672e-01 1.993800361228225682e-01
1.595575757575757507e+03 7.657049160080009464e-02 4.842956619681414165e-02 1.914456940609350344e-01 1.673294729092194011e-01 4.397500172204827362e-01 1.530452496125485062e-01
1.595777777777777828e+03 1.024726772773034422e-01 3.919655652298151272e-02 1.667111057036806399e-01 2.122553309008021472e-01 4.039440587141107097e-01 1.778929481584249073e-01
1.595979797979797922e+03 1.044988324283140924e-01 4.138684023273745544e-02 1.617569182179418308e-01 1.571560051529116153e-01 4.196632520565067304e-01 2.200369843399024306e-01
1.596181818181818244e+03 9.011616380737862142e-02 4.650617959035938803e-02 1.220016223203918143e-01 8.783306164970766661e-02 5.042664182228819847e-01 2.393927182166592504e-01
1.596383838383838338e+03 7.656774255152215547e-02 5.151409784820739496e-02 7.878248422461690825e-02 2.001806562609056636e-02 5.864844508237289089e-01 2.632009014773561972e-01
1.596585858585858659e+03 6.698712432592809907e-02 5.519982986012775955e-02 7.520667349936394075e-02 2.277001191491831444e-02 5.671840091296015407e-01 2.796394755959883960e-01
1.596787878787878753e+03 6.097658185797705938e-02 5.659611352836523002e-02 1.248616457604901225e-01 2.489246029553321415e-02 5.097409543510733609e-01 2.839088260645380446e-01
1.596989898989899075e+03 5.299634242028241488e-02 6.046449786644806507e-02 1.550993256197136516e-01 2.850039451191423157e-02 4.560785748527811378e-01 2.998572071491428792e-01
1.597191919191919169e+03 4.448224881592963142e-02 6.649297181973358450e-02 1.864092672877845636e-01 3.378822407777724857e-02 3.879914365161424294e-01 3.253181002985621184e-01
1.597393939393939490e+03 3.566867604490028126e-02 7.600833284022603942e-02 2.260984027460041790e-01 4.192854571902214500e-02 2.900855332739831205e-01 3.658791854207645300e-01
1.597595959595959584e+03 2.728020550133007996e-02 9.033935922755745307e-02 2.872910159771707717e-01 5.454853476168152610e-02 1.388942066362063021e-01 4.289268833973839956e-01
1.597797979797979906e+03 2.526826836774298535e-02 8.777158514006001833e-02 3.011716163733747509e-01 5.859739735053692139e-02 1.004842303804439618e-01 4.519751707555843545e-01
1.598000000000000000e+03 2.310566159129795460e-02 8.531223589455232126e-02 3.130030632777656696e-01 6.375988326034377762e-02 5.578989785193264744e-02 4.821349197154055632e-01
